0000
0100
0101
0102
0103
0104
0105
0106
0107
0108
0109
0110
0111
0112
0113
0114
0115
0116
0117
0118
0119
0121
0123
0124
0125
0126
0127
0128
0129
0130
0200
0201
0202
0203
0204
0205
0206
0207
0208
0209
0210
0211
0212
0213
0214
0215
0216
0217
0218
0219
0220
0221
0222
0400
0401
0402
0403
0404
0405
0406
0407
0408
0409
0410
0411
0412
0413
0414
0415
0416
0417
0418
0419
0500
0501
0502
0503
0504
0505
0506
0507
0508
0509
0600
0601
0602
0603
0604
0605
0606
0607
0608
0609
0610
0611
0612
0613
0615
0700
0701
0702
0703
0704
0705
0706
0707
0708
0709
0710
0711
0712
0713
0714
0715
0800
0801
0802
0803
0804
0805
0806
0807
0808
0809
0810
0811
0812
0813
0814
0900
0901
0902
0903
0904
0905
0906
0907
0908
0909
0910
0911
0912
0915
0916
0917
0930
0931
0932
0940
0941
0942
0950
0951
0960
0980
1500
1501
1502
1503
1504
1505
1506
1507
1508
1509
1510
1511
1515
1516
1517
1518
1519
1521
1525
1526
1527
1528
1529
1531
1536
1537
1539
1547
1549
1557
1559
1569
1579
1591
1593
1595
1596
1900
1901
1902
1903
1904
1905
1906
1907
1908
1909
1910
1911
1912
1913
1914
1915
1916
1917
1918
1919
1920
1921
1922
1923
1924
1925
1926
2200
2201
2202
2203
2204
2205
2206
2207
2208
2209
2210
2211
2212
2213
2214
2215
2216
2217
2218
2219
2220
2221
2222
2223
2224
2225
2226
2227
2228
2229
2230
2231
2232
2233
2234
2235
2236
2237
2238
2239
2240
2241
2242
2243
2244
2245
2246
2247
2248
2249
2300
2301
2302
2303
2304
2305
2306
2307
2308
2309
2310
2311
2312
2313
2314
2315
2316
2317
2318
2319
2320
2321
2322
2323
2324
2325
2326
2327
2328
2329
2330
2331
2332
2333
2335
2336
2337
2338
2339
2340
2341
2342
2343
2344
2345
2346
2347
2348
2349
2350
2351
2352
2353
2354
2355
2356
2357
2358
2359
2360
2361
2362
2363
2364
2365
2366
2367
2368
2369
2370
2371
2372
2373
2374
2375
2376
2377
2378
2379
2380
2381
2382
2383
2384
2385
2386
2387
2388
2389
2390
2391
2392
2393
2394
2395
2900
2901
2903
2904
2905
2906
2907
2908
2909
2910
2911
2912
2915
2916
2917
2918
2919
2920
2921
2922
2923
2924
2928
2931
2932
2933
2934
2935
2936
2937
2941
2942
2943
2951
2952
2953
2961
2962
2963
2971
2972
2981
2982
2983
2984
2985
2986
2991
2992
3100
3101
3102
3103
3104
3105
3106
3107
3108
3109
3110
3111
3112
3113
3114
3115
3116
3117
3118
3119
3120
3300
3301
3302
3303
3304
3305
3306
3307
3308
3309
3310
3311
3312
3313
3315
3316
3317
3318
3319
3320
3321
3500
3501
3502
3503
3504
3505
3506
3507
3508
3509
3510
3511
3512
3513
3515
3516
3520
3521
3522
3523
3700
3701
3702
3703
3704
3705
3706
3707
3708
3709
3710
3711
3712
3713
3714
3715
3716
3717
3718
3719
3720
3722
3723
3724
3725
3726
3777
3788
4000
4001
4002
4003
4004
4005
4006
4007
4008
4009
4010
4011
4012
4013
4014
4015
4016
4017
4018
4019
4200
4201
4202
4203
4204
4205
4206
4207
4208
4209
4210
4211
4212
4213
4214
4215
4216
4217
4218
4219
4220
4221
4222
4223
4224
4225
4226
4227
4228
4229
4230
4231
4232
4233
4234
4235
4236
4237
4238
4239
4240
4241
4242
4243
4244
4245
4246
4247
4248
4249
4250
4251
4253
4254
4255
4256
4257
4258
4259
4260
4261
4300
4301
4302
4303
4305
4310
4311
4312
4313
4315
4320
4321
4330
4341
4342
4350
4351
4360
4370
4380
4381
4390
4600
4601
4602
4603
4604
4605
4606
4607
4608
4609
4610
4611
4612
4613
4614
4615
4616
4617
4618
4619
4620
4621
4622
4623
4700
4701
4702
4703
4704
4705
4706
4707
4708
4709
4710
4711
4712
4713
4714
4715
4716
4718
4719
4720
4721
4722
4723
4724
4725
4900
4901
4902
4903
4904
4905
4906
4907
4908
4909
4910
4911
4913
4914
4915
4916
4917
4918
4919
4920
4921
4922
5000
5100
5101
5103
5104
5105
5106
5107
5108
5109
5110
5111
5112
5113
5114
5116
5117
5118
5119
5120
5121
5122
5123
5125
5126
5130
5131
5132
5133
5134
5135
5136
5137
5138
5139
5140
5141
5142
5143
5144
5145
5146
5147
5148
5149
5150
5151
5152
5153
5154
5155
5157
5158
5160
5161
5162
5163
5164
5165
5166
5167
5168
5169
5170
5171
5172
5173
5174
5175
5176
5177
5178
5179
5180
5181
5182
5183
5184
5185
5186
5187
5188
5189
5190
5191
5192
5193
5194
5195
5196
5197
5198
5199
5200
5201
5202
5203
5204
5205
5206
5207
5208
5209
5210
5211
5212
5213
5214
5216
5217
5218
5219
5220
5221
5222
5223
5300
5301
5302
5303
5304
5305
5306
5307
5308
5309
5310
5311
5312
5313
5314
5315
5316
5317
5318
5319
5320
5321
5322
5323
5324
5325
5326
5327
5328
5329
5330
5331
5332
5333
5334
5335
5336
5337
5338
5339
5340
5341
5342
5343
5344
5345
5346
5348
5349
5350
5351
5352
5700
5701
5710
5720
5721
5724
5725
5726
5727
5728
5729
5730
5740
5741
5750
5760
5770
5771
5772
5780
5788
5790
5791
5792
5793
5794
5795
5796
5798
5799
6000
6001
6002
6003
6004
6006
6007
6008
6009
6011
6012
6013
6014
6015
6018
6019
6020
6021
6022
6023
6028
6031
6032
6033
6038
6041
6042
6400
6401
6402
6403
6404
6405
6406
6407
6408
6409
6410
6411
6412
6700
6701
6702
6703
6704
6705
6706
6707
6708
6709
6710
6711
6712
6713
6714
6715
6716
6800
6810
6811
6812
6813
6816
6817
6820
6821
6827
6830
6831
6837
6840
6841
6847
6850
6851
6857
6860
6861
6867
6870
6871
6872
6877
7200
7201
7202
7203
7204
7205
7206
7207
7208
7209
7210
7211
7212
7213
7214
7215
7216
7217
7218
7219
7220
7221
7900
7901
7902
7903
7904
7905
7906
7907
7908
7909
7910
7911
7912
7913
7914
7915
7916
7917
7918
7919
7920
7921
7922
7923
7924
7925
8000
8001
8002
8003
8004
8005
8006
8007
8008
8009
8010
8011
8012
8013
8014
8015
8016
8017
8018
8300
8301
8302
8303
8304
8305
8306
8307
8308
8600
8601
8602
8603
8604
8605
8606
8607
8608
8609
8610
8611
8612
8613
8614
8615
8616
8617
8618
8619
8620
8621
8622
8623
8624
8625
8626
8627
8628
8629
8631
8632
8633
8634
8635
8636
8637
8638
8800
8801
8802
8803
8804
8805
8808
9000
9001
9002
9003
9004
9005
9006
9007
9008
9009
9010
9011
9012
9013
9400
9401
9402
9403
9404
9405
9406
9407
9408
9409
9410
9411
9412
9413
9414
9415
9416
9417
9418
9419
9420
9421
9422
9423
9424
9425
9426
9427
9428
9429
9500
9501
9502
9503
9504
9505
9506
9507
9600
9601
9602
9603
9604
9605
9700
9701
9702
9800
9900
A100